ID,friendship quality,schoool success,SES
1,10.1852,6.1602,2.229720153
2,5.58873,8.9069,3.1559921970000002
3,6.585,10.5433,0.949921289
4,8.9543,11.4605,1.72627692
5,7.5991,5.5516,2.29412557
6,8.156,7.5117,3.440095637
7,9.0802,8.5565,2.441181048
8,3.41339,4.1,2.109644947
9,8.6581,5.3913,2.194268528
10,4.84619,13.9148,1.239266307
11,5.74215,14.6382,2.300379625
12,6.30689,1.7365,2.378440728
13,10.6263,5.1448,3.771216298
14,6.74786,7.3979,2.146160631
15,11.2027,8.906,3.639390638
16,4.22281,11.3973,2.982538439
17,4.02796,13.1865,2.252932787
18,11.5238,5.61578,2.461575988
19,3.06053,15.1589,2.54129218
20,6.74862,11.3194,2.970607359
21,3.48494,14.0212,2.754911699
22,11.6943,8.03512,1.211026585
23,7.5184,5.2774,2.06100966
24,8.2245,10.3484,1.729527552
25,7.2386,10.4038,1.90792061
26,7.34928,5.26,1.934430632
27,5.75941,9.2697,4.279252093
28,7.00715,10.4004,1.452455912
29,12.3837,7.49543,1.936110315
30,8.3594,8.2514,3.505769934
31,8.9698,11.6155,1.612322998
32,1.42272,17.3393,3.159697003
33,5.9234,8.5434,2.078863499
34,8.9324,10.5425,1.720135484
35,3.3011,8.8502,1.817440002
36,6.56458,5.914,2.125337566
37,6.94696,10.7507,2.440624921
38,9.5041,5.6657,2.27853339
39,3.72717,9.8231,1.858135294
40,10.4293,7.9444,3.351613846
41,8.9229,13.1455,1.694893664
42,9.7615,7.7703,3.112965166
43,8.4013,7.9046,2.842639724
44,8.8707,8.4505,1.906636287
45,12.462,3.63877,3.922298927
46,5.91552,4.6136,2.879050909
47,1.43546,16.6094,0.910713764
48,9.915,7.4309,2.936898339
49,7.55243,9.663,4.106349467
50,10.9899,5.1655,2.74778131
51,8.0046,9.079,2.000230874
52,8.708,7.0293,2.099065975
53,6.64578,10.2793,2.788686967
54,8.2625,9.2086,2.688702832
55,6.83593,10.7297,2.03442681
56,7.8591,8.9292,2.079889525
57,10.0593,6.3475,2.480491433
58,7.9693,7.8123,3.47413324
59,7.7177,8.5531,2.436917239
60,10.798400000000001,2.7075,2.445101458
61,6.30535,3.5847,3.102302832
62,3.03299,14.3658,3.12159773
63,9.3737,4.8863,0.552542973
64,9.8254,8.914,2.379341185
65,5.96415,10.3623,3.616472049
66,9.7705,7.4614,2.392897509
67,5.91696,11.9657,1.165419656
68,8.643,8.0663,2.124490093
69,7.8391,9.0726,1.559938803
70,6.96872,10.7225,2.753703435
71,6.14228,9.6868,4.601829967
72,9.9616,1.0712,2.637415146
73,6.07524,11.1709,2.0426705
74,5.81347,8.4088,3.389716149
75,5.86049,12.1514,0.127912311
76,3.69099,15.9405,2.885367177
77,10.2308,7.0593,1.729137361
78,14.6428,3.52381,2.105969497
79,5.3819,5.3306,2.272973506
80,8.0327,7.1696,3.23198339
81,5.55689,13.477,0.418006702
82,6.15461,8.7993,2.935056981
83,6.3292,6.8035,1.904914501
84,3.58692,6.4259,1.619731957
85,6.96691,10.9449,2.49236247
86,10.4839,5.8589,1.55641936
87,8.5293,12.0258,3.703778102
88,6.56244,7.9594,2.438298537
89,9.0401,8.415,3.439289628
90,7.9381,11.4761,1.283471657
91,8.604,8.5114,2.85794772
92,7.14036,11.1162,1.563606805
93,8.7063,11.926,2.095530666
94,4.3633,6.7864,2.468509202
95,9.9922,6.9079,2.241487431
96,7.9765,8.0414,1.822581801
97,9.5421,8.0565,3.012801755
98,11.486,6.9356,3.044224105
99,8.9896,8.0087,1.688567919
100,7.50061,3.653,1.212950431
101,5.4882,8.5275,2.955186394
102,7.6155,6.6007,3.04720317
103,6.81157,11.3322,3.122932009
104,7.8852,9.7751,3.033318372
105,8.2337,12.8095,2.254985554
106,10.1108,8.3133,1.639104295
107,9.6343,5.864,2.755521629
108,8.9257,8.3808,1.158521015
109,8.4885,6.3242,3.369869385
110,7.04304,11.396,2.621579015
111,7.16339,0.0227,2.232329964
112,0.69848,16.9816,4.097353683
113,7.7846,8.9742,1.780869321
114,11.121,4.5321,2.211296552
115,6.95909,9.9993,2.315345454
116,5.08169,11.1862,1.851125287
117,13.1226,6.48325,3.028039363
118,6.29789,12.1766,1.431245253
